function [i] = RA185483_L04_03()
R1 = 5;
R2 = 10;
R3 = 20;

A1 = [20 0 -15
     0 (R1+15) -R1
     -15 -R1 (35+R1)];

A2 = [20 0 -15
     0 (R2+15) -R2
     -15 -R2 (35+R2)];

A3 = [20 0 -15
     0 (R3+15) -R3
     -15 -R3 (35+R3)];

b = [220 0 0].';


x1 = A1\b;
x2 = A2\b;
x3 = A3\b;

i = [x1'; x2'; x3']'

end